1	101	12	0.038201666	0.270257680	
0.5	101	96	0.022889968	0.176964123	
0.25	101	768	0.006882627	0.086174963	
0.125	101	6144	0.001788929	0.042004864	
0.0625	101	49152	0.000445635	0.020696728	
0.03125	101	393216	0.000110322	0.010267946	
0,01562 101	3145728	0.000027373	0.005113364

1	202	36	0.015309189	0.159104545
0.5	202	288	0.002266936	0.035197405
0.25	202	2304	0.000475131	0.008705992
0.125	202	18432	0.000115874	0.002162542
0.0625	202	147456	0.000028742	0.000538848	

1	303	80	0.002375825	0.019475842
0.5	303	640	0.000300418	0.003839852
0.25	303	5120	0.000019516	0.000476447
0.125	303	40960	0.000001202	0.000058611

1	404	150	0.000743430	0.008192145
0.5	404	1200	0.000023989	0.000507879
0.25	404	9600	0.000000919	0.000031254
0.125	404	76800	0.000000047	0.000001933

1	505	252	0.000137237	0.001578332
0.5	505	2016	0.000002253	0.000047613
0.25	505	16128	0.000000037	0.000001488

1	606	392	0.000014253	0.000215609
0.5	606	3136	0.000000170	0.000005035
0.25	606	25088	0.000000002	0.000000077



1	707	576	0.000004207	0.000068747
0.5	707	4608	0.000000014	0.000000412

1	305	168	0.000342622	0.003643910
0.5	305	1344	0.000103972	0.001838705
0.25	305	10752	0.000005718	0.000219045
0.125	305	86016	0.000000339	0.000026791

PDEG=101
m -1 m -1 r 1000 s e  ->	67548	0.001858328	0.040432164
(1.2GB RAM)
m -1 s e -> 	 540384	0.000494000	0.019664589
r 100 s e ->	 543996	0.000492549	0.019632756
