# sekcja 0 - index 0
0.500000	0.000000	0.000000	-0.000000	0.000000	0.000000	-0.005683	
0.500000	0.010000	0.000000	-0.039311	0.000143	0.000000	-0.005643	
0.500000	0.020000	0.000000	-0.075091	0.000521	0.000000	-0.005651	
0.500000	0.030000	0.000000	-0.107806	0.000686	0.000000	-0.005759	
0.500000	0.040000	0.000000	-0.138216	0.000623	0.000000	-0.005958	
0.500000	0.050000	0.000000	-0.166510	0.000211	0.000000	-0.006330	
0.500000	0.060000	0.000000	-0.193704	-0.000482	0.000000	-0.006837	
0.500000	0.070000	0.000000	-0.219985	-0.001253	0.000000	-0.007662	
0.500000	0.080000	0.000000	-0.245485	-0.001919	0.000000	-0.008622	
0.500000	0.090000	0.000000	-0.270348	-0.002544	0.000000	-0.009976	
0.500000	0.100000	0.000000	-0.294174	-0.002929	0.000000	-0.011637	
0.500000	0.110000	0.000000	-0.316175	-0.002993	0.000000	-0.013683	
0.500000	0.120000	0.000000	-0.336201	-0.002789	0.000000	-0.016086	
0.500000	0.130000	0.000000	-0.353419	-0.002263	0.000000	-0.018850	
0.500000	0.140000	0.000000	-0.367392	-0.001709	0.000000	-0.021993	
0.500000	0.150000	0.000000	-0.377609	-0.000738	0.000000	-0.025472	
0.500000	0.160000	0.000000	-0.384378	0.000246	0.000000	-0.029185	
0.500000	0.170000	0.000000	-0.387199	0.001226	0.000000	-0.033149	
0.500000	0.180000	0.000000	-0.386450	0.002314	0.000000	-0.037237	
0.500000	0.190000	0.000000	-0.382656	0.003395	0.000000	-0.041407	
0.500000	0.200000	0.000000	-0.375883	0.004251	0.000000	-0.045592	
0.500000	0.210000	0.000000	-0.367025	0.005107	0.000000	-0.049730	
0.500000	0.220000	0.000000	-0.356446	0.005824	0.000000	-0.053784	
0.500000	0.230000	0.000000	-0.344720	0.006437	0.000000	-0.057700	
0.500000	0.240000	0.000000	-0.332330	0.006974	0.000000	-0.061501	
0.500000	0.250000	0.000000	-0.319674	0.007401	0.000000	-0.065125	
0.500000	0.260000	0.000000	-0.306994	0.007803	0.000000	-0.068593	
0.500000	0.270000	0.000000	-0.294539	0.008161	0.000000	-0.071917	
0.500000	0.280000	0.000000	-0.282460	0.008541	0.000000	-0.075074	
0.500000	0.290000	0.000000	-0.270774	0.008918	0.000000	-0.078095	
0.500000	0.300000	0.000000	-0.259539	0.009351	0.000000	-0.080985	
0.500000	0.310000	0.000000	-0.248688	0.009813	0.000000	-0.083734	
0.500000	0.320000	0.000000	-0.238195	0.010346	0.000000	-0.086364	
0.500000	0.330000	0.000000	-0.227983	0.010918	0.000000	-0.088896	
0.500000	0.340000	0.000000	-0.217972	0.011547	0.000000	-0.091306	
0.500000	0.350000	0.000000	-0.208163	0.012233	0.000000	-0.093616	
0.500000	0.360000	0.000000	-0.198430	0.012970	0.000000	-0.095819	
0.500000	0.370000	0.000000	-0.188782	0.013744	0.000000	-0.097922	
0.500000	0.380000	0.000000	-0.179183	0.014551	0.000000	-0.099931	
0.500000	0.390000	0.000000	-0.169567	0.015404	0.000000	-0.101827	
0.500000	0.400000	0.000000	-0.159960	0.016274	0.000000	-0.103627	
0.500000	0.410000	0.000000	-0.150338	0.017170	0.000000	-0.105328	
0.500000	0.420000	0.000000	-0.140673	0.018086	0.000000	-0.106924	
0.500000	0.430000	0.000000	-0.130997	0.019016	0.000000	-0.108415	
0.500000	0.440000	0.000000	-0.121281	0.019962	0.000000	-0.109799	
0.500000	0.450000	0.000000	-0.111535	0.020919	0.000000	-0.111083	
0.500000	0.460000	0.000000	-0.101771	0.021891	0.000000	-0.112261	
0.500000	0.470000	0.000000	-0.091965	0.022866	0.000000	-0.113332	
0.500000	0.480000	0.000000	-0.082134	0.023848	0.000000	-0.114301	
0.500000	0.490000	0.000000	-0.072271	0.024826	0.000000	-0.115162	
0.500000	0.500000	0.000000	-0.062387	0.025833	0.000000	-0.115908	
0.500000	0.510000	0.000000	-0.052468	0.026817	0.000000	-0.116553	
0.500000	0.520000	0.000000	-0.042520	0.027837	0.000000	-0.117092	
0.500000	0.530000	0.000000	-0.032529	0.028838	0.000000	-0.117520	
0.500000	0.540000	0.000000	-0.022499	0.029820	0.000000	-0.117849	
0.500000	0.550000	0.000000	-0.012431	0.030842	0.000000	-0.118060	
0.500000	0.560000	0.000000	-0.002326	0.031823	0.000000	-0.118164	
0.500000	0.570000	0.000000	0.007840	0.032815	0.000000	-0.118174	
0.500000	0.580000	0.000000	0.018063	0.033832	0.000000	-0.118078	
0.500000	0.590000	0.000000	0.028334	0.034779	0.000000	-0.117867	
0.500000	0.600000	0.000000	0.038681	0.035776	0.000000	-0.117552	
0.500000	0.610000	0.000000	0.049098	0.036706	0.000000	-0.117139	
0.500000	0.620000	0.000000	0.059600	0.037682	0.000000	-0.116629	
0.500000	0.630000	0.000000	0.070188	0.038597	0.000000	-0.116010	
0.500000	0.640000	0.000000	0.080857	0.039462	0.000000	-0.115292	
0.500000	0.650000	0.000000	0.091645	0.040371	0.000000	-0.114476	
0.500000	0.660000	0.000000	0.102539	0.041183	0.000000	-0.113563	
0.500000	0.670000	0.000000	0.113563	0.042044	0.000000	-0.112553	
0.500000	0.680000	0.000000	0.124725	0.042830	0.000000	-0.111451	
0.500000	0.690000	0.000000	0.136022	0.043543	0.000000	-0.110252	
0.500000	0.700000	0.000000	0.147481	0.044255	0.000000	-0.108959	
0.500000	0.710000	0.000000	0.159119	0.044927	0.000000	-0.107591	
0.500000	0.720000	0.000000	0.170955	0.045590	0.000000	-0.106132	
0.500000	0.730000	0.000000	0.182953	0.046118	0.000000	-0.104583	
0.500000	0.740000	0.000000	0.195131	0.046634	0.000000	-0.102958	
0.500000	0.750000	0.000000	0.207523	0.047090	0.000000	-0.101258	
0.500000	0.760000	0.000000	0.220117	0.047543	0.000000	-0.099488	
0.500000	0.770000	0.000000	0.232860	0.047865	0.000000	-0.097651	
0.500000	0.780000	0.000000	0.245739	0.048065	0.000000	-0.095740	
0.500000	0.790000	0.000000	0.258743	0.048272	0.000000	-0.093792	
0.500000	0.800000	0.000000	0.271763	0.048276	0.000000	-0.091780	
0.500000	0.810000	0.000000	0.284777	0.048218	0.000000	-0.089743	
0.500000	0.820000	0.000000	0.297757	0.048104	0.000000	-0.087680	
0.500000	0.830000	0.000000	0.310445	0.047732	0.000000	-0.085593	
0.500000	0.840000	0.000000	0.322822	0.047246	0.000000	-0.083519	
0.500000	0.850000	0.000000	0.334825	0.046616	0.000000	-0.081464	
0.500000	0.860000	0.000000	0.346304	0.045866	0.000000	-0.079447	
0.500000	0.870000	0.000000	0.356872	0.044820	0.000000	-0.077480	
0.500000	0.880000	0.000000	0.366738	0.043540	0.000000	-0.075584	
0.500000	0.890000	0.000000	0.375515	0.042015	0.000000	-0.073826	
0.500000	0.900000	0.000000	0.383553	0.040267	0.000000	-0.072144	
0.500000	0.910000	0.000000	0.390993	0.038213	0.000000	-0.070628	
0.500000	0.920000	0.000000	0.398977	0.035611	0.000000	-0.069260	
0.500000	0.930000	0.000000	0.409714	0.032234	0.000000	-0.068040	
0.500000	0.940000	0.000000	0.427033	0.028245	0.000000	-0.066922	
0.500000	0.950000	0.000000	0.457828	0.023250	0.000000	-0.066019	
0.500000	0.960000	0.000000	0.509802	0.017312	0.000000	-0.065361	
0.500000	0.970000	0.000000	0.591491	0.010982	0.000000	-0.064553	
0.500000	0.980000	0.000000	0.706095	0.005374	0.000000	-0.063992	
0.500000	0.990000	0.000000	0.847767	0.001152	0.000000	-0.063475	
0.500000	1.000000	0.000000	1.000000	-0.000000	0.000000	-0.063187




# sekcja 1 - index 1
0.500000        0.000000        0.000000        -0.000000       0.000000        0.000000        -0.001563
0.500000        0.010000        0.000000        -0.019272       -0.000869       0.000000        -0.001701
0.500000        0.020000        0.000000        -0.038543       -0.001738       0.000000        -0.001840
0.500000        0.030000        0.000000        -0.057709       -0.001976       0.000000        -0.001962
0.500000        0.040000        0.000000        -0.076692       -0.001129       0.000000        -0.002058
0.500000        0.050000        0.000000        -0.095675       -0.000283       0.000000        -0.002153
0.500000        0.060000        0.000000        -0.111260       0.000696        0.000000        -0.002443
0.500000        0.070000        0.000000        -0.125632       0.001723        0.000000        -0.002803
0.500000        0.080000        0.000000        -0.139994       0.002511        0.000000        -0.003164
0.500000        0.090000        0.000000        -0.154280       0.001264        0.000000        -0.003540
0.500000        0.100000        0.000000        -0.168567       0.000016        0.000000        -0.003916
0.500000        0.110000        0.000000        -0.182651       -0.000099       0.000000        -0.004566
0.500000        0.120000        0.000000        -0.196511       0.001044        0.000000        -0.005520
0.500000        0.130000        0.000000        -0.210371       0.002187        0.000000        -0.006474
0.500000        0.140000        0.000000        -0.224404       0.001411        0.000000        -0.007512
0.500000        0.150000        0.000000        -0.238470       0.000275        0.000000        -0.008566
0.500000        0.160000        0.000000        -0.251362       -0.000272       0.000000        -0.009799
0.500000        0.170000        0.000000        -0.259851       0.001390        0.000000        -0.011701
0.500000        0.180000        0.000000        -0.268340       0.003052        0.000000        -0.013603
0.500000        0.190000        0.000000        -0.276781       0.003459        0.000000        -0.015599
0.500000        0.200000        0.000000        -0.285189       0.002953        0.000000        -0.017662
0.500000        0.210000        0.000000        -0.293596       0.002448        0.000000        -0.019725
0.500000        0.220000        0.000000        -0.294070       0.002696        0.000000        -0.022482
0.500000        0.230000        0.000000        -0.294104       0.002986        0.000000        -0.025277
0.500000        0.240000        0.000000        -0.293845       0.003642        0.000000        -0.028049
0.500000        0.250000        0.000000        -0.292954       0.005091        0.000000        -0.030773
0.500000        0.260000        0.000000        -0.292063       0.006541        0.000000        -0.033496
0.500000        0.270000        0.000000        -0.287927       0.008038        0.000000        -0.036301
0.500000        0.280000        0.000000        -0.282295       0.009558        0.000000        -0.039145
0.500000        0.290000        0.000000        -0.276630       0.011028        0.000000        -0.041989
0.500000        0.300000        0.000000        -0.270382       0.011627        0.000000        -0.044841
0.500000        0.310000        0.000000        -0.264134       0.012225        0.000000        -0.047692
0.500000        0.320000        0.000000        -0.256654       0.012874        0.000000        -0.050446
0.500000        0.330000        0.000000        -0.247480       0.013593        0.000000        -0.053065
0.500000        0.340000        0.000000        -0.238305       0.014311        0.000000        -0.055684
0.500000        0.350000        0.000000        -0.229112       0.015052        0.000000        -0.058151
0.500000        0.360000        0.000000        -0.219914       0.015799        0.000000        -0.060579
0.500000        0.370000        0.000000        -0.210626       0.016547        0.000000        -0.062954
0.500000        0.380000        0.000000        -0.200856       0.017300        0.000000        -0.065047
0.500000        0.390000        0.000000        -0.191087       0.018053        0.000000        -0.067141
0.500000        0.400000        0.000000        -0.181317       0.018830        0.000000        -0.069176
0.500000        0.410000        0.000000        -0.171544       0.019631        0.000000        -0.071159
0.500000        0.420000        0.000000        -0.161772       0.020431        0.000000        -0.073142
0.500000        0.430000        0.000000        -0.151553       0.020997        0.000000        -0.074591
0.500000        0.440000        0.000000        -0.141281       0.021536        0.000000        -0.075977
0.500000        0.450000        0.000000        -0.131121       0.022048        0.000000        -0.077342
0.500000        0.460000        0.000000        -0.121275       0.022483        0.000000        -0.078648
0.500000        0.470000        0.000000        -0.111429       0.022918        0.000000        -0.079954
0.500000        0.480000        0.000000        -0.101911       0.023387        0.000000        -0.081035
0.500000        0.490000        0.000000        -0.092583       0.023877        0.000000        -0.081985
0.500000        0.500000        0.000000        -0.083256       0.024366        0.000000        -0.082936
0.500000        0.510000        0.000000        -0.074514       0.025013        0.000000        -0.083761
0.500000        0.520000        0.000000        -0.065772       0.025660        0.000000        -0.084585
0.500000        0.530000        0.000000        -0.056811       0.026350        0.000000        -0.085276
0.500000        0.540000        0.000000        -0.047474       0.027115        0.000000        -0.085738
0.500000        0.550000        0.000000        -0.038136       0.027880        0.000000        -0.086200
0.500000        0.560000        0.000000        -0.028695       0.028441        0.000000        -0.086573
0.500000        0.570000        0.000000        -0.019217       0.028928        0.000000        -0.086914
0.500000        0.580000        0.000000        -0.009738       0.029440        0.000000        -0.087206
0.500000        0.590000        0.000000        -0.000252       0.030152        0.000000        -0.087078
0.500000        0.600000        0.000000        0.009235        0.030864        0.000000        -0.086951
0.500000        0.610000        0.000000        0.018772        0.031735        0.000000        -0.086780
0.500000        0.620000        0.000000        0.028365        0.032782        0.000000        -0.086560
0.500000        0.630000        0.000000        0.037959        0.033828        0.000000        -0.086340
0.500000        0.640000        0.000000        0.048208        0.035047        0.000000        -0.085864
0.500000        0.650000        0.000000        0.058580        0.036297        0.000000        -0.085340
0.500000        0.660000        0.000000        0.068952        0.037405        0.000000        -0.084796
0.500000        0.670000        0.000000        0.079325        0.037974        0.000000        -0.084176
0.500000        0.680000        0.000000        0.089698        0.038543        0.000000        -0.083557
0.500000        0.690000        0.000000        0.100573        0.039338        0.000000        -0.082726
0.500000        0.700000        0.000000        0.111813        0.040296        0.000000        -0.081742
0.500000        0.710000        0.000000        0.123053        0.041254        0.000000        -0.080758
0.500000        0.720000        0.000000        0.133623        0.041389        0.000000        -0.079644
0.500000        0.730000        0.000000        0.144156        0.041478        0.000000        -0.078522
0.500000        0.740000        0.000000        0.154816        0.041475        0.000000        -0.077303
0.500000        0.750000        0.000000        0.165752        0.041272        0.000000        -0.075872
0.500000        0.760000        0.000000        0.176689        0.041069        0.000000        -0.074441
0.500000        0.770000        0.000000        0.187755        0.041446        0.000000        -0.073029
0.500000        0.780000        0.000000        0.198881        0.042091        0.000000        -0.071627
0.500000        0.790000        0.000000        0.210007        0.042667        0.000000        -0.070213
0.500000        0.800000        0.000000        0.221143        0.042005        0.000000        -0.068569
0.500000        0.810000        0.000000        0.232278        0.041343        0.000000        -0.066926
0.500000        0.820000        0.000000        0.243519        0.041169        0.000000        -0.065358
0.500000        0.830000        0.000000        0.254907        0.041667        0.000000        -0.063894
0.500000        0.840000        0.000000        0.266294        0.042165        0.000000        -0.062429
0.500000        0.850000        0.000000        0.273741        0.041653        0.000000        -0.061153
0.500000        0.860000        0.000000        0.280138        0.040871        0.000000        -0.059927
0.500000        0.870000        0.000000        0.286268        0.039849        0.000000        -0.058696
0.500000        0.880000        0.000000        0.290980        0.037545        0.000000        -0.057436
0.500000        0.890000        0.000000        0.295691        0.035241        0.000000        -0.056175
0.500000        0.900000        0.000000        0.307781        0.032488        0.000000        -0.055261
0.500000        0.910000        0.000000        0.326514        0.029332        0.000000        -0.054659
0.500000        0.920000        0.000000        0.345247        0.026176        0.000000        -0.054057
0.500000        0.930000        0.000000        0.360709        0.020666        0.000000        -0.053433
0.500000        0.940000        0.000000        0.375785        0.014879        0.000000        -0.052807
0.500000        0.950000        0.000000        0.418292        0.009832        0.000000        -0.052102
0.500000        0.960000        0.000000        0.537601        0.006859        0.000000        -0.051178
0.500000        0.970000        0.000000        0.656911        0.003887        0.000000        -0.050254
0.500000        0.980000        0.000000        0.772659        0.002121        0.000000        -0.049471
0.500000        0.990000        0.000000        0.886329        0.001061        0.000000        -0.048771
0.500000        1.000000        0.000000        1.000000        -0.000000       0.000000        -0.048070

