Table 5
Horizontal velocity, pressure and vorticity through the vertical centerline of the cavity at Re = 1000 

y          u, Ref. [8]     u, Ref. [3]    u, Present    p, Ref. [3]      p, Present     x, Ref. [3]    x, Present
1.00000    -1.00000       -1.00000       -1.0000      0.052987         0.052971        14.7534       14.792
0.9688     -0.57492       -0.58083       -0.58031     0.051514         0.051493         9.49496       9.4781
0.9531     -0.46604       -0.47233       -0.47239     0.050329         0.050314         4.85754       4.8628
0.7344     -0.18719       -0.18867       -0.18861     0.012122         0.012113         2.09121       2.0909
0.5000      0.06080        0.06205        0.06205     0.000000         0.000000         2.06722       2.0669
0.2813      0.27805        0.28036        0.28040     0.040377         0.040381         2.26722       2.2678
0.1016      0.29730        0.30045        0.30029     0.104187         0.104416        -1.63436      -1.6352
0.0625      0.20196        0.20233        0.20227     0.109200         0.10916         -2.31786      -2.3174
0.0000      0.00000        0.00000        0.00000     0.110591         0.11056         -4.16648      -4.1554


Table 6
Vertical velocity, pressure and vorticity through the horizontal centerline of the cavity at Re = 1000 
x           v, Ref. [8]     v, Ref. [3]     v            p, Ref. [3]     p              x, Ref. [3]    x
                                                                                 
0.0000        0.00000         0.00000         0.00000    0.077455        0.077429       -5.46217       -5.4967
0.0391       -0.27669        -0.29368        -0.29330    0.078685        0.078658       -8.24616       -8.2462
0.0547       -0.39188        -0.41037        -0.41018    0.077154        0.077128       -6.50867       -6.5097
0.1406       -0.42665        -0.42645        -0.42634    0.049029        0.049004        3.43016        3.4294
0.5000        0.02526         0.02579         0.02580    0.000000        0.00000         2.06722        2.0669
0.7734        0.33075         0.33399         0.33398    0.047260        0.047259        2.00174        2.0010
0.9062        0.32627         0.33304         0.33290    0.084386        0.084369
0.9297        0.29012         0.29627         0.29622    0.087653        0.087625
1.0000        0.00000         0.00000         0.00000    0.090477        0.090448
